9729
7980
1974
7726
7261
9388
3324
6539
6344
9406
8052
3147
8624
9560
2041
564
1089
526
2697
2988
8503
6800
3940
8699
2350
9479
3084
4646
3368
3215
562
8700
2664
236
975
6471
1035
340
2225
2827
9021
9276
1293
5087
4625
6469
6637
9711
1398
3532
540
7305
4239
8896
8007
3955
5357
3242
7735
5183
620
3593
5324
5014
2545
8744
3673
857
166
8459
1378
3464
8426
1135
4904
9758
1275
5754
289
4380
330
4880
6808
6777
2025
8240
3395
1703
5056
8559
2112
6489
5431
3692
4479
178
887
1441
8509
4428
988
7214
8227
5066
4005
6415
7003
2954
5402
145
1612
8316
8109
9799
3448
7080
5575
6746
7264
3432
7284
310
5464
8464
9835
3386
3063
2578
8611
5002
9521
6173
7568
2881
5700
3224
2286
4965
4506
6168
2147
7774
2914
8478
9603
7197
7677
9529
2380
7093
8786
8388
4357
2907
7909
2318
8387
6866
6507
2365
2208
3062
3513
9912
4704
2833
5459
3655
3057
1659
8516
1060
6482
8579
719
5725
7881
7387
2102
5412
4510
2414
5753
4779
6678
4498
8649
6479
3962
3334
4987
7906
2687
654
7509
4584
895
1581
7092
5279
7984
8673
5417
47
5553
8714
9753
5867
3320
4069
3739
7519
8087
8959
2046
1480
9045
5862
672
1773
9589
2991
7800
1052
8482
191
4572
7727
3671
5352
4655
320
3028
7868
7074
4781
8074
5815
2736
1901
7929
2183
6542
80
3694
7346
880
5316
2707
5782
1896
2083
9943
6614
7586
8799
1211
5749
3770
6835
5247
8199
1696
9025
582
8285
399
9326
5600
6932
6413
7597
8807
3001
6747
3041
9435
5015
7282
1816
7821
2163
6364
1753
8292
9759
6704
9200
7249
6815
6558
445
2453
8181
8984
5476
4585
9011
1695
4039
3193
7867
6806
2619
4412
4500
1471
4717
3751
9972
1640
7773
1817
1276
1766
1906
5794
6458
9181
4557
6629
8435
1942
5125
8915
8753
231
7732
2705
7610
286
2620
3641
3233
2645
4927
3586
6572
538
5859
9734
7296
2306
4811
8003
7940
8279
6483
2700
6366
1672
593
9432
8731
5875
2863
9282
946
125
7315
7665
6960
8073
3738
2355
5200
2221
1091
4659
95
2684
9153
1626
2859
7424
5433
5283
4236
3944
1054
4852
83
5809
4444
5074
2961
9180
5078
7220
1774
2759
8948
35
7394
7791
2501
7842
1050
6675
674
6064
8733
6852
3963
7265
6237
4336
7
943
1721
4364
142
7194
9420
2702
8051
1602
2078
9817
5179
2338
1842
4041
5041
433
403
3860
12
7535
6919
4301
1455
5026
956
1915
9308
9666
430
3101
5424
4399
1178
3361
3108
8835
5836
3882
4672
1120
3906
6672
5886
8419
8532
1352
9066
7573
3936
9249
4576
549
5492
5489
7847
4919
3984
6435
5220
2951
7602
2066
1162
181
8222
437
2378
9999
8704
2716
7406
6860
9865
9425
7332
6081
4014
2499
1759
4382
2432
418
4414
2817
9158
1374
5906
8603
1671
5817
395
3261
2574
7957
4327
1625
2549
9161
9883
1911
5235
5697
7810
8902
9441
9790
8490
168
2509
5332
8578
3753
4739
6988
7988
7550
5062
2181
4705
7840
2794
9894
9382
3621
7793
6307
9445
7351
4561
1976
3897
4512
6000
9870
9696
1177
7237
5658
2402
3987
6775
8777
5049
8946
3588
1314
3374
3033
8741
3221
9872
3174
3266
1475
3009
3934
6092
1083
8381
4131
8180
2159
2952
5513
7943
571
2405
2840
4800
7870
7222
8436
762
1732
1055
7298
755
3600
1417
2322
9813
6329
4438
8106
5105
6102
752
2570
9251
3109
5822
4701
5993
7090
584
3031
668
3268
8539
8561
4654
7131
8139
2695
6950
48
4813
8776
1666
9397
9844
7524
6750
8865
6038
3522
7456
8833
4184
8213
9708
6737
7666
6600
5345
6619
7728
431
1145
164
2568
7056
7738
1736
263
4910
5560
2877
9767
3298
5852
3011
1391
9192
7110
9599
1280
560
9537
8065
2710
9029
5552
9035
2950
6137
9535
5013
7033
2466
1082
2985
9635
3868
7233
8322
6054
9843
3638
8080
492
5536
6040
482
1301
5336
4607
6442
3877
382
9256
7428
1928
7522
2987
4550
2646
2199
4401
3443
6487
6043
1141
2956
26
9614
8077
5718
3543
9524
5423
6280
1609
8171
2452
8149
1520
7436
8553
3250
4932
1311
1645
6811
3493
5264
8953
2801
6569
4573
7429
2442
6638
6858
3668
4592
2897
1382
6596
6111
6648
4860
7488
3167
366
2001
9349
8317
6499
2917
3757
4562
5073
815
1017
8310
3436
864
3545
3907
6290
6394
3198
4130
7331
6162
312
9780
971
4464
4921
6096
6426
5731
3613
2476
5693
7569
9763
9091
6052
4657
2623
7273
2363
3702
9939
6101
3219
9544
4959
561
5198
1538
4822
1880
6552
5117
1321
4407
3010
5633
3034
1418
6724
3900
3837
634
614
3999
6639
3953
7236
7123
6123
2752
3930
1004
6197
5270
3236
9542
2883
1160
335
7833
4903
132
9419
4156
2143
4271
5706
6855
7252
203
7514
5512
113
697
9878
7475
2510
6122
9898
6376
1570
6008
6045
4424
1687
3456
4402
9838
3095
3416
8754
8284
2906
6244
2791
3450
8861
7015
1209
8288
8466
4109
2356
1665
2020
8949
1247
871
8957
5524
1927
2387
9065
3661
8562
2211
966
4073
4535
4675
5666
9240
6070
6112
1512
3014
4311
7740
4738
6772
4963
6929
3124
6907
591
7931
4485
783
8233
5495
2838
1253
8629
933
2376
6478
5952
6093
4144
3742
7030
5500
6603
206
8894
3584
6120
6408
3350
8727
5132
8621
493
1488
3806
4778
4281
5542
4477
8530
2760
9103
7710
6531
3474
1478
2332
8423
5055
8383
4718
691
753
498
5663
2965
3521
5966
8604
6160
3461
4639
1718
585
3587
9034
4627
9305
5918
9016
9727
1258
806
2098
2232
4329
4714
2821
5217
4160
2966
8267
8703
2805
1220
3058
9933
6848
2480
7413
5312
2168
9884
379
9306
5824
5903
1729
5643
606
5742
1877
3315
1256
6276
3504
7421
685
9024
9642
8734
1973
589
5211
1223
4361
4769
1468
5144
6468
7055
7490
3867
3066
9183
6896
4961
5941
2764
609
9480
1553
7069
5365
6758
5180
3162
2056
1932
1661
9751
4785
6705
9182
2629
4339
5690
9714
1048
3383
1096
7761
8642
937
4205
6826
5027
6377
4124
444
4197
1111
8943
4727
9772
2069
5395
9096
4474
1924
6087
34
2010
5723
6335
8762
3575
21
5602
1876
3425
2796
8424
303
1941
8644
6014
2433
7111
2224
2308
2694
6661
1528
8048
8079
7199
8858
8701
4312
5968
8405
9906
3310
3508
8672
2448
1689
1016
3519
2597
3237
6916
9887
2521
7686
9973
5554
6664
863
7997
7022
8330
1707
7982
6803
7676
9487
4876
2780
2404
9561
7513
757
5869
1342
2969
7619
8110
3389
7068
1103
9654
8308
2351
9042
8104
4971
6153
751
6457
1589
3633
6514
6286
7865
1809
7592
795
5832
537
160
1599
7028
8005
3181
3051
7350
439
9788
2400
1243
1022
9662
3986
6154
6301
6983
5762
4989
1579
7353
4699
2980
9353
9993
171
8670
3557
387
6448
3311
3152
3336
9083
4151
376
4975
1151
2938
9370
8379
3636
273
1829
4315
9476
8619
6289
5678
1197
4948
5374
6925
5681
3176
3241
4
2370
6175
1904
7934
8897
532
4991
5649
805
8385
8108
7399
79
3462
8929
7614
104
5549
8361
5979
5628
6188
9125
1330
9124
8266
1531
5447
7313
3226
7667
7992
8928
1153
4537
9079
222
9174
2477
6395
233
4630
7711
8029
2967
876
3850
5462
8321
9316
3414
3961
8993
3564
1952
8837
5839
2565
7430
5457
3393
7443
3968
8066
8395
7380
8588
4248
6997
3445
6765
20
2022
6984
1783
2733
3605
8842
8470
6981
9108
2330
1420
4067
3019
6689
9209
6177
5508
8522
4949
1868
5652
9663
8460
2656
4825
1884
646
8719
9198
1246
2923
6199
6985
1547
5937
7377
1992
581
204
4821
7954
6742
2174
9954
5597
4047
4613
5440
4676
5164
8130
2080
6384
6491
8793
3175
7838
8785
255
1490
5472
6859
8418
9468
3950
1454
6909
226
693
1996
2763
1442
9027
9768
9113
7780
6657
3581
2146
4589
8156
6649
8129
6466
3775
6278
1737
9866
2337
9707
9325
8089
175
4682
7064
7029
530
7484
8669
5569
4095
7459
3562
6007
9965
4696
9864
7986
639
8874
5691
3418
7007
9312
5356
45
4777
3698
7050
6714
3077
3832
643
6363
5011
2949
1526
7866
2937
3507
6304
7669
2979
3017
7452
8658
37
9026
6018
8947
7283
4036
1852
9118
2399
854
4984
5537
9638
1228
5383
6125
632
7693
6367
1430
2359
2481
9605
2996
9318
8678
7920
2944
4776
993
7416
4631
3434
2271
9649
7335
6834
7328
9917
5592
1076
6071
3075
4884
8480
1771
6939
265
2757
9137
8329
7822
9436
5546
9629
2260
636
7339
8641
7361
2436
2119
5358
7102
7590
7051
5991
2064
7596
2779
4901
5971
299
3891
7469
9281
6313
7478
6273
8601
8475
7256
7695
6680
6685
1566
765
2532
4622
7063
2711
7381
2787
2052
5922
2
822
6556
4763
5095
1157
1803
5761
8064
6753
7913
1580
3637
9911
3497
405
5901
5570
7345
9932
4837
7247
4906
9688
9089
3609
8198
7138
4419
8780
1069
2367
3703
8319
202
7564
9745
2190
1287
2016
3248
8852
4423
5281
6247
9927
7946
3678
7189
9237
7145
5069
2009
9706
2471
7797
8056
1786
3256
3624
6455
5680
3554
7671
2202
7230
4599
7367
6575
4709
9974
7529
165
9284
9896
2872
5589
4671
578
7502
8512
4802
2571
6986
7270
5408
6005
9223
7674
7741
2388
7679
2585
3874
4391
4619
5631
1848
8937
4149
4926
4268
9371
8822
3706
484
8302
2413
5331
6827
9055
5106
2358
8502
7552
4597
2117
9879
3055
7745
77
3262
6623
10000
6324
2546
8099
3959
8218
8816
7113
7925
5676
3786
6180
5182
3578
4493
8826
9855
5958
7829
5607
8353
7632
3866
7132
4663
938
7480
6656
2536
3734
2616
2393
1844
4437
7330
1787
3690
8082
4912
6796
4158
7917
6699
6368
4539
2497
5114
5909
8264
9472
9960
157
7523
3171
471
5177
1596
5518
1700
5714
5532
3141
1963
1493
1155
1281
4333
6894
5082
2006
5547
696
7904
2886
5205
7819
5471
8397
4756
5008
133
5388
9139
3164
2344
9019
4724
9490
2172
7412
3277
3920
840
977
9219
4214
3971
5538
9346
1510
8445
6386
1675
1255
9748
3404
8542
8084
6797
7898
5420
2084
1743
29
3392
9969
9997
6365
3435
8847
5827
6135
9317
5880
6090
7065
8924
5370
8962
9297
6311
7885
579
4255
5847
7371
3286
2347
6652
9224
9131
9791
5756
7653
193
4857
5947
4868
4053
7462
246
3839
8720
3253
7683
8752
9102
1908
1285
7646
9414
1981
4242
1712
8339
1400
9502
3130
9686
4122
4101
5745
6354
3571
1623
9822
3991
3846
8640
7161
7643
948
5166
7818
5529
6430
3556
6872
2893
9812
8911
4442
2339
2580
6767
5992
572
8886
7374
2136
3802
1648
4186
4881
9444
275
8124
7112
5169
5487
7869
6006
7006
2272
8922
5206
5197
7989
4566
6695
9238
270
7454
8146
8906
6967
2054
9478
1957
100
3774
6606
1346
5199
6630
2070
8613
8068
9585
7354
7232
7327
2265
600
9869
5667
1573
4245
8633
5384
8869
4272
4349
4143
3035
1621
3722
552
4017
3925
3772
1477
7167
1985
3914
9407
598
4310
5375
5094
4343
1396
1966
6651
5988
766
1958
5919
2992
2563
3355
2257
4789
2105
7949
2045
2858
6658
2940
7128
6708
8013
7016
2434
3088
8683
1909
8342
6069
2401
1782
5889
1165
2198
781
767
6849
3709
1780
5807
8299
2194
8344
7814
2228
5012
5416
1320
328
4413
7784
3924
2601
9571
2201
6316
2277
4999
7450
3345
3544
8778
3304
5841
2244
4651
1388
7771
7926
6410
3442
2734
7036
9962
4721
6224
1097
7340
5564
3572
6434
1387
2542
1306
7824
5650
919
9594
6898
7105
6729
7356
1715
2745
4476
6191
6624
1894
2891
7563
7440
1326
7044
9285
6266
381
4979
300
4501
501
2846
5445
3579
7704
3449
2977
5577
7730
4960
779
5939
1885
2900
3729
5590
4211
5986
9429
262
6020
9497
2631
8259
7578
2942
1554
4536
3335
566
5960
3966
931
5045
1126
2579
1371
4587
7517
3669
3695
9807
8008
541
3325
2561
2636
1516
333
3263
9126
8115
2693
197
4360
8343
9214
7358
452
7124
5103
9516
9964
8926
2443
3239
194
8120
1315
8243
9359
1168
3630
6833
681
4450
6399
7794
4323
3483
6787
4711
3993
6267
8652
5139
4747
6178
2222
2496
6528
2911
6563
2303
1540
4326
8491
3400
2389
9926
4365
8764
6323
8498
8862
311
8271
2898
9552
773
138
2230
7763
2540
6716
8965
5965
8481
5853
750
2439
2240
9241
3612
4749
3926
4390
8348
271
5364
2997
6537
5994
8363
1738
4814
4462
1453
1409
5506
9928
7119
1133
1158
2685
3380
9355
2690
1731
3297
2445
5167
5555
4216
729
1286
6032
6305
8627
3283
7182
3494
624
3021
3949
4404
7757
8134
9733
2586
1655
2970
2955
2904
352
1148
111
6095
1926
2957
8410
5016
3112
8920
8901
7582
8289
4953
1686
477
3957
5163
2706
6359
565
8796
5685
1967
9460
695
7952
9167
6118
2498
3313
8231
6297
2154
9347
8372
7559
8006
7246
2931
5931
4251
9008
796
8552
1339
1363
9622
3246
825
1309
9588
3259
5362
5141
4645
9090
8690
9095
7935
2072
7859
1298
5995
5609
8849
3727
4256
1564
7541
3085
4129
2674
2868
945
1539
2247
2479
2793
6792
7725
1574
5861
1979
2527
4209
85
5243
9231
3339
3862
5446
264
5873
7058
2896
8138
32
5343
6233
3779
996
6268
3576
4992
2354
1714
9189
8431
8651
7206
2310
3480
4400
4642
4684
51
4373
8042
6009
4878
8963
3399
8977
4463
610
1421
8660
577
8548
6240
7103
6218
156
2458
4693
8018
8147
3211
941
683
2999
1978
3288
7338
4071
4807
4087
8768
1813
9351
3649
1535
8131
7393
6420
6222
9659
9269
7067
6369
6582
7359
2819
4575
5990
1489
6591
1548
207
661
2703
8324
800
9834
7195
7401
7187
7746
8989
3412
2672
5870
1891
1213
6970
6495
5355
3402
3337
8282
3834
9485
5413
9636
4894
5507
8933
4058
5309
5840
896
1902
4298
1515
2039
7217
2922
2191
8107
8687
7902
5321
4009
8148
9746
5515
8585
5929
9978
7962
9482
1825
1221
5158
6150
9621
3766
9506
3444
7166
8114
2663
7861
6877
6347
2329
9617
7057
122
8135
3385
8332
3965
3377
1479
6604
6599
8961
9593
6243
6612
6977
1354
1734
9940
6475
824
6608
9341
4173
9846
81
3691
790
8469
7494
357
8707
2290
6795
1116
7948
5251
3069
8938
9528
8540
2842
6387
7672
3938
3158
4515
7035
1279
4117
6906
9880
2360
410
6973
965
9177
9264
5871
9934
238
7185
5018
4534
826
2327
7153
6358
9907
914
4497
5673
2111
2866
1746
70
4731
6433
6744
7874
5337
6336
8855
2424
7752
184
6915
2976
7801
1643
7238
3608
5019
5427
3998
6530
3356
1115
380
254
7562
6570
6295
6524
6392
4899
7908
9849
844
8485
7216
4370
8358
958
6769
6670
9744
9222
4608
8112
7651
8174
2218
7311
9606
9778
434
6063
7348
1015
3622
4774
9309
8625
7329
4935
2939
2204
5583
6865
7419
6288
8449
8698
8223
2073
6422
3022
8494
7183
3202
9178
4406
5705
897
7052
3958
5878
1088
7737
3275
8602
2958
242
8229
9361
9951
2594
4278
5004
856
6249
3928
8025
910
7918
6404
8335
3295
4559
3173
6874
7684
7603
6764
1
7325
7682
8684
952
3104
7703
6601
4134
1444
4856
7120
8910
8632
2205
8891
689
7531
3654
2090
9604
3646
7260
2722
4165
2156
7623
655
4945
1365
3787
2455
3100
3318
1295
7976
4483
8798
9366
8040
3113
7540
8803
7927
2214
5848
7558
42
3230
2065
7059
7404
6626
8176
5403
5381
2691
3595
9373
7530
2864
288
4083
3540
6436
9467
2307
2171
8380
7402
6108
5368
23
1057
9908
2715
7649
3580
1161
5630
5646
6461
7743
9311
6124
9677
6318
3529
9781
980
6738
717
9723
8767
2027
8590
8389
6427
9578
8140
7258
6573
828
5858
6867
7431
5896
3417
2026
1046
7400
1857
8912
2075
8325
5594
9247
5863
6780
8450
4623
616
3573
7701
8169
1562
8457
9446
5035
7605
5285
2485
4863
7156
2803
1465
7616
7813
4082
7848
7850
2179
8362
7956
5834
9994
2784
5683
2795
1991
4841
8432
1142
321
2854
304
5063
2845
7408
4601
6771
3952
837
6353
5387
3708
8128
8932
4637
8356
6881
2091
7231
8263
2972
2590
9789
8729
2166
6585
4817
8523
8203
3848
6216
5036
2633
2679
8689
4332
9268
14
2557
2964
4792
3610
4189
7385
8739
8983
8501
6610
5627
7390
703
6417
7294
7493
6494
1399
5694
6749
9968
6072
976
2728
8772
1859
6828
2562
5868
8609
2155
3007
7306
5432
6250
7287
515
87
4760
5786
2740
3990
8645
9647
1864
6016
1123
2326
3249
9762
8201
5426
7995
373
9041
780
5625
920
4692
8863
705
8655
8663
6456
1944
7786
8657
3594
2724
6905
3511
2130
4872
2741
7722
829
1632
4219
7900
3895
7955
7887
6822
1778
4430
1037
5957
374
558
5369
1993
7537
2417
5973
5061
55
3898
1503
3482
4662
2831
9363
251
7884
1971
494
4263
2677
3091
5770
3046
7168
774
6322
2412
8622
8254
2196
8986
6745
4080
9145
1201
2114
2144
9923
4628
7240
7533
787
2761
3407
6640
4757
8593
1062
3843
9882
4340
4886
1556
3437
4545
7209
1673
9275
6493
1649
9188
3054
820
8417
6889
8474
8125
1310
5210
7403
404
9455
1677
9072
5003
9988
481
8407
8270
1642
2605
3849
4466
5522
846
179
6900
546
3043
4384
2775
1136
3844
7923
3103
2731
1616
1147
950
9573
4969
9185
4673
8391
4353
5617
9569
3205
345
8366
6571
7621
4900
4480
9526
749
8251
5486
3053
3916
9685
6143
8818
8841
8718
6509
4823
5984
5744
1007
7888
6732
167
7806
7617
3811
5944
176
5865
2133
6964
8357
8085
7075
9507
8409
6519
2368
2161
3814
1798
1620
22
9981
4249
3222
8919
702
8558
741
3086
2762
7372
9277
621
5581
3939
7854
121
393
9683
8511
3422
4871
9244
4618
8294
3988
8320
3822
1457
1557
991
3163
1252
4533
5304
7288
8032
9786
7816
1709
9509
4199
5280
1325
2149
4996
1796
9456
5456
5974
2642
3044
9970
2007
8576
1137
2635
2589
7817
6497
9386
7077
4313
6390
7481
74
465
5967
8060
1790
6587
1740
7248
3888
5228
7618
7204
8570
8674
9833
9936
4520
3711
2654
6897
3424
169
1925
7828
4440
1184
394
5037
8505
9105
1578
8119
5260
2258
8981
3264
760
3730
1212
2651
8507
7005
3488
8399
1962
7687
4461
917
6029
5904
1049
5466
2878
8692
6991
7899
3006
3117
4314
6330
4918
7756
2431
2392
9215
1601
9551
4140
2929
3092
665
2607
999
5828
7546
995
5172
6770
3847
66
6412
9522
5350
2577
8442
4318
7018
7210
8472
3555
5339
2281
359
4037
9469
9761
728
4262
6766
972
5276
1118
6807
1830
3582
9394
1327
2357
1380
7882
8382
4195
8062
2554
4829
6393
1950
8877
506
186
1429
8534
9905
8283
6876
1827
2682
2541
8495
59
4231
8574
4954
5468
1694
7762
8637
6756
6088
8824
847
5776
8096
9053
199
2134
1823
7386
3071
2012
4135
7964
84
2852
9652
7633
4234
7267
402
2348
3178
1173
3674
983
1010
361
2285
4308
1913
6226
9453
3020
5938
9886
5799
1945
834
9527
7259
6044
9637
7227
8186
4126
5151
6650
8969
9657
3905
5473
5303
2769
385
3410
5751
2751
4770
2340
5050
8748
8127
8695
8789
7040
4517
4595
7608
4978
4564
3777
3932
6938
678
7021
9271
5498
8735
1199
497
2459
2087
5814
9828
5659
2503
6041
73
3960
6831
8808
3644
7690
5760
504
8083
4455
1058
9443
3553
3179
9010
3354
7094
33
8
5740
5334
343
6733
8323
4260
9557
6817
2086
3370
5980
6255
4571
3321
1606
4491
6978
462
2910
9335
1257
1171
97
6315
2547
1316
6109
9921
3047
7275
545
2591
2800
7607
6445
1249
2341
2382
7034
417
5410
5712
6961
3652
2390
3763
3827
3137
7961
8261
739
1518
6328
7255
1792
792
9541
9508
9433
7310
9949
4896
6200
9404
6355
8546
1056
8355
7341
6565
1575
2583
6374
3347
4563
4153
7369
4468
5401
8217
8010
2192
5065
1653
2004
9056
9671
2305
982
8774
4415
5653
4492
195
7271
423
8211
4446
4079
217
4459
9307
9205
6156
4178
2844
4276
9555
6269
4331
3244
2051
8587
1742
9100
8918
5682
9956
8188
5059
331
9645
6613
8309
660
638
221
3778
3349
8868
9519
9438
5359
4344
3036
4060
1747
7555
7107
3693
6864
9776
8966
6146
1923
6645
3514
8039
9800
4182
336
7066
7368
432
223
2019
5977
4710
5842
9239
3291
7472
4976
1638
6210
2317
2989
5819
5449
799
4253
3791
2908
3705
4062
3976
4033
3704
3396
968
687
8543
7020
9245
2790
3675
467
9832
2888
4791
2246
2274
5272
4180
1865
118
7969
3427
86
1474
3919
1577
416
3842
8439
7862
7772
2880
7858
5326
6829
927
978
6254
3353
1692
1198
7689
415
7160
6110
5661
4175
1462
2753
4503
9627
2267
1172
401
4670
1818
5774
9564
9202
1278
9204
2867
1302
7565
7823
5119
5033
58
9439
7769
4074
9186
476
5897
6968
1819
369
5231
8183
8589
7357
219
8126
7432
4950
2615
6945
759
1100
5584
4679
5386
4648
4583
9501
7975
9061
2875
146
9171
5353
6560
6941
9047
6252
3720
3551
6486
1203
8709
6711
8034
6773
6202
2909
4330
3789
9376
2537
756
108
9330
7591
5687
901
9701
9270
1720
6492
3428
4793
1828
7844
4649
1954
7162
9193
2919
6260
1008
596
640
9787
5765
3625
3210
877
4077
3736
3937
6030
8737
8046
912
4366
2551
3761
712
8571
6966
8990
8315
3289
2278
1332
5341
7489
6804
7760
9395
4667
1719
8123
8755
5043
9140
8095
4552
1206
4127
4035
5846
4753
1912
8607
2268
7699
8076
5127
4285
4362
4215
5758
9190
5301
4850
9890
3284
6159
5188
2120
6223
3314
5396
8821
3303
511
832
1756
2933
2857
4155
2925
3308
2667
2637
8338
1670
9919
9033
1586
2469
2288
4345
900
3524
1467
9143
4624
6918
891
1034
3820
9155
427
6370
4449
364
6398
4833
49
8253
5563
3232
1210
9163
861
7561
8964
7360
3351
8438
8312
5855
816
8305
1232
9851
8952
6993
7254
4114
5626
9798
5147
8997
1078
6229
8688
8804
9862
2812
2383
5803
4338
2841
6778
9611
3138
1251
9384
811
8515
5451
550
535
874
533
4328
1401
7012
8142
9226
6327
9929
1448
2328
6039
1426
1610
1652
898
3780
3446
5329
3758
8021
7473
8017
9058
5722
7826
7601
1541
3840
1499
3154
4288
5806
2435
9166
5191
8212
338
6067
1312
8152
893
3379
8161
1750
5541
9523
1254
469
155
1568
3161
8675
6144
3530
5955
2226
5741
1837
7223
3679
9698
1879
688
5121
8063
2625
4030
4936
4641
2044
8732
3254
758
4322
5406
2015
7235
509
3227
9036
2216
7750
4286
5805
3496
8365
3881
1225
6480
9697
7184
3390
9464
9290
8360
1447
420
3363
6033
718
5885
7661
6568
4439
1061
6719
4354
2534
4395
7657
9644
8049
2299
358
5385
9658
1098
5619
3569
7158
4875
789
9022
2528
9512
7415
1508
4725
3558
7048
586
772
2484
7349
3701
2533
6856
5530
637
7637
2567
2294
5576
5256
7491
953
5299
472
9713
5221
5469
8098
8598
9534
2920
4200
6660
7599
1433
3060
7832
7507
830
2197
4970
6332
6085
4469
1431
6459
6357
2934
1187
3886
1847
7837
4070
1572
4091
7060
4103
4909
8047
1003
6774
8791
4551
9899
2830
7548
9937
1071
9570
2030
5497
1164
2033
8058
2195
2372
9946
7146
8664
2396
4541
9413
8390
1869
5578
4267
1110
2973
6500
4974
9201
6761
2652
9287
2352
5437
130
5527
3773
7584
7659
4809
6115
368
5550
1561
9513
3413
106
9499
3366
9720
3603
5882
5857
2739
4300
4454
5242
9648
2538
3601
9737
2170
8133
8623
4527
5562
6726
2248
5844
8823
31
2669
4782
6748
1965
5608
9431
1565
6501
218
3983
2835
7595
1079
4445
5090
1245
9493
9804
4853
669
2641
5047
8415
7753
3240
7505
602
6003
3183
461
7453
4052
4448
1240
3520
1345
5621
7506
9612
8944
8157
102
2946
1722
6056
2209
6720
1617
7173
1654
2507
1001
3276
2464
5371
8726
2099
2848
1821
4293
2478
2786
5295
1615
2564
4347
852
8061
9796
2456
866
915
6152
6242
6959
6027
1385
9602
2482
5347
3643
4352
5239
4221
5346
1678
1674
2756
2491
9075
4274
8215
516
7521
9184
9566
807
6899
1873
1892
5833
4172
4913
720
5664
4238
3076
8214
266
8985
1000
1815
1333
4736
5241
520
2325
3197
6485
3583
7718
3945
1337
8661
3790
2410
8012
8775
1870
6634
7849
3094
4418
6830
951
5250
4754
6890
365
8274
7444
2718
784
8740
8838
3994
3204
650
4678
2709
7729
7709
2034
9920
3855
8595
9877
1264
7229
1085
8815
7219
7213
4603
6725
2343
5053
9375
6230
107
6671
3981
7307
1727
7620
5261
2766
7781
1272
2409
7019
2588
1583
6239
6615
4855
8802
5442
2311
3372
3996
2843
6713
1795
7811
5465
7098
3118
7176
9063
7998
8150
9136
4208
7228
8797
5224
6843
1131
1749
3607
4472
4375
3816
2560
9996
9005
4827
5153
3801
2336
5070
1424
7303
904
7880
9793
3369
342
1936
4605
5669
906
5743
1087
46
1373
3312
1067
8224
5252
8742
8462
9350
4210
1544
7437
7668
5212
1838
6128
2730
317
2038
8668
7872
269
8582
5887
1376
1027
3783
3213
8927
1970
2915
2572
2263
9989
4307
149
513
362
1192
4842
8192
3979
257
1216
4008
1472
3190
2316
1497
5704
8746
5580
2990
4824
3568
9539
2187
7318
2680
1930
8202
6741
7641
5811
3531
4951
663
7871
8403
8463
4740
7466
5757
9591
3810
7072
1013
315
9651
5503
9110
4532
4924
8536
5812
1463
3824
7500
5348
9674
9085
8996
8956
52
1839
1411
2750
6757
277
4367
2425
1549
9712
7910
3468
794
3015
2067
5305
5528
5244
2349
6538
3067
5267
128
7588
3151
527
6174
4937
5879
5124
6203
7947
1502
1466
6676
5788
2182
704
4917
2916
4055
8867
8878
3853
414
318
873
6946
5831
4369
220
2647
6957
4752
5145
7159
2726
8351
2945
8749
1372
3830
2430
3931
5632
1835
6055
5724
1443
1112
6460
4556
5390
2850
3195
292
3408
7343
9576
5377
6309
8596
5711
4102
1152
5813
6935
1558
88
2729
4220
2292
8987
1461
7891
3809
9725
447
1340
833
7538
4771
4616
8636
5614
4516
839
8779
4569
666
5173
6503
6730
3238
6396
6883
9700
9616
1846
5349
7316
9250
2519
1943
3859
6936
642
3252
1799
3042
8600
7291
8151
8297
4025
98
7498
9144
1303
6130
3726
9339
6593
9254
1571
4925
3168
5083
1138
1491
7418
7001
5710
9821
6917
1582
9286
8307
3131
3921
9348
3596
4494
260
4250
3805
5997
1092
3747
6910
7990
836
6550
1134
8691
6453
6022
1532
4702
7347
6734
4808
2494
3561
3943
5137
7087
5342
1105
4499
786
5020
4488
9003
6205
309
7451
9897
2468
7392
6607
6879
6921
9640
587
2243
8806
5618
4207
6543
4686
9242
9961
964
4728
8033
3070
3717
812
2811
9750
7106
3721
8493
7572
214
7147
9847
5709
9930
9032
9356
9357
5075
4394
7242
3231
4161
9773
6235
4001
6512
2782
6195
8617
4866
7930
4697
597
653
3394
7639
8290
1222
6214
7827
518
8402
2184
3876
8103
1682
2049
7714
9409
4688
2427
4830
9400
5389
9417
2746
645
8745
3769
676
8210
1850
3005
5009
2514
612
3080
2582
2959
3506
7944
1875
2276
2487
6625
9775
6701
485
4700
1990
3064
7317
3317
135
4294
9135
1068
710
4223
8094
870
6498
4660
466
4229
6321
5781
1353
3453
512
8401
8075
2727
126
3052
8396
5642
1698
3234
930
154
9540
9510
5196
3102
6190
2335
3764
9261
5701
2930
1331
6962
8783
2767
2101
7241
9039
2245
3686
1741
5120
2506
3797
4846
1270
8594
2738
5292
8072
3357
4316
9618
8241
1751
3243
3470
7203
96
4902
2470
4957
3382
1189
1338
5245
7662
7942
6282
4004
8934
232
4612
13
6465
1624
3106
3487
7901
2899
3858
9631
7628
542
7455
6535
2060
3681
1362
9938
8572
7179
1294
5052
1261
4742
6186
5084
244
9374
1701
248
5010
9038
2103
9803
3371
2446
6641
7518
8712
3627
2851
682
4420
5778
4745
1425
2683
8679
2474
8352
4065
6836
733
1023
5463
4452
9532
3653
4888
9581
8528
9530
8792
4179
2486
7292
5930
1266
3375
3639
6665
8991
6350
5733
6594
6522
6636
1679
2612
713
5327
2744
3875
2238
3518
8162
5414
4732
4741
3281
6694
5610
4434
8811
8872
6176
735
6987
7312
9903
294
4874
9000
9819
1867
742
6913
1500
3134
8535
9643
2160
6167
5900
7089
2892
9598
4783
7553
5928
7877
671
3516
4638
6854
1239
5269
3913
5769
2927
1075
2231
1348
8813
8942
2581
4403
2495
9850
2599
2252
9405
6971
8100
2109
8697
6334
9133
8488
435
5591
961
500
865
2437
8378
2047
9437
1127
5232
9945
3972
6532
4247
8368
6698
9811
2903
1919
8573
5485
10
2212
7154
3451
8346
8665
6779
4746
4542
5275
6488
7804
7864
3255
3194
3947
5296
3342
979
4378
1959
4816
885
5501
9298
9639
151
9196
6627
6001
6484
99
7410
4849
1706
1716
2293
9985
2748
3620
1730
4579
3970
911
4090
8710
3715
1109
9766
1931
8508
6736
9197
8200
5161
6580
4287
802
6300
8216
3323
8489
7398
8787
1296
6337
4858
8890
9393
4964
1041
8500
855
730
3159
1808
2287
5837
574
7046
5171
5032
7843
1744
9547
8526
239
4596
3857
5636
4502
2714
9483
9169
63
7542
4818
3818
3332
1021
5219
5475
7186
9076
6389
2829
2422
3419
8300
2885
4320
1708
4138
9818
5825
5509
7497
1392
3745
7795
7155
131
2223
6082
2362
6502
210
7973
8295
4123
139
9067
6549
6597
6198
6508
4819
1439
8769
8708
929
119
1242
3710
7163
2505
8237
9300
514
6662
2820
5987
6401
9378
7276
7221
4931
5175
4610
4235
2673
5259
4169
2152
3029
2003
322
823
5315
8097
5982
1603
9845
5207
8155
470
9360
7096
2122
9272
6886
8347
9465
7724
6506
8392
4968
5111
7939
1639
5908
1452
8037
902
8972
7165
8394
4011
9854
7979
6529
9142
9754
9104
9693
2042
2309
3632
3126
1432
831
8314
2773
7707
5091
2229
8163
6066
253
4145
8275
3341
9252
5080
344
3741
5856
1711
6982
8219
8844
8384
3712
6098
4232
818
4898
6196
5726
907
9755
3547
4385
6496
732
7304
3223
8291
1202
9147
8204
4489
3885
4467
8899
1026
7953
9586
4386
8298
4170
3142
177
2055
8724
2713
5802
1834
5717
6183
842
2974
3826
5089
7470
5830
921
1833
235
8043
5895
658
9584
3079
3883
5185
9262
2986
4695
7981
1304
5976
8757
7644
2804
6975
6633
2689
841
3150
2059
580
5126
8483
9213
1644
3378
9060
6523
1629
9536
9705
9590
7422
1843
6481
8144
499
6017
127
2407
478
8141
1313
594
9613
6937
3218
3505
1170
9984
8044
9909
8591
241
1150
6021
3270
4443
7365
5764
1914
7266
575
1521
9953
3512
9715
9732
1464
7924
3228
5189
1144
4115
5829
6505
3903
316
3915
1559
3433
8680
5531
2323
67
4513
7647
6851
1018
517
4962
867
5154
4136
3794
4372
3155
6723
3135
2236
9372
1104
5307
1179
7630
3229
6246
7198
7324
8584
9229
4773
9681
6893
5404
7170
1176
8992
9120
9449
1762
8565
112
3752
2028
5750
8554
2472
8167
8242
4998
1406
2948
641
4063
6100
9619
7245
4972
4309
2094
4478
1587
6930
332
1059
7971
576
5131
198
5367
5319
4820
879
8268
2516
2936
3201
7479
3294
7000
1775
4803
5297
2441
7141
7512
6034
272
3699
3214
2717
7993
3923
1814
3838
6383
6169
4844
2395
7152
8770
7457
3207
7798
1113
240
3257
1922
1961
6348
8514
764
4780
5054
9498
6996
327
9795
2816
4947
6863
1381
1761
120
2544
2342
3815
6185
2429
1724
256
9691
2302
619
519
6940
4198
4244
9941
1997
5190
9548
7749
2825
9334
2671
1341
9947
6546
4487
1086
1394
6406
5238
4066
1410
6206
2511
6868
1273
3762
8236
3260
6844
6743
1728
6331
3338
9389
8116
6320
5234
8408
1905
43
4938
474
4560
3322
810
1215
4192
4048
3129
7172
6077
7375
1038
9975
8205
770
6801
1592
5333
9583
4633
9331
2661
3072
5620
9253
4381
7636
9549
6643
6943
6799
8054
6285
129
4508
7218
722
4213
8341
4176
39
9152
3352
1166
5102
1517
9553
2905
8592
5739
3782
1785
5
9208
9059
2312
4299
4748
8011
4292
7663
5640
6294
9423
4093
9672
5168
8265
443
6129
2428
8398
2169
6083
5823
7983
140
5044
592
6525
6686
7932
2167
9427
9082
725
1684
2165
6089
8027
486
2295
6976
1065
6425
4775
7086
436
6084
8654
2781
152
4525
8370
5784
5031
5792
305
9064
4042
8794
5068
9304
2353
4694
8137
7013
651
3854
3725
4629
3411
5496
5079
4304
1806
7938
448
6805
407
185
8471
9194
5372
5517
4098
3300
8009
4895
1384
8159
7363
3144
524
2832
9160
4363
3050
5057
384
8441
9562
6103
9258
3068
7151
2598
1764
9001
4226
3409
4157
5582
7526
3537
6443
9743
4252
356
8635
8406
2649
5477
8437
8667
2237
3331
8318
5851
1167
6302
1070
9992
5240
569
6992
4683
7670
3498
5142
2151
5539
5058
4586
8036
4934
5438
9248
3199
7201
2998
6432
3364
8738
3093
1299
6731
1492
6407
397
4722
3196
460
8608
5025
4708
4046
8888
6837
8024
3982
2834
4496
7627
5790
7857
2444
5443
5884
4905
4356
7503
4188
3807
1307
5738
4024
6372
4547
9115
1784
9948
5755
8461
6888
7081
4164
5300
2082
8610
354
5596
4334
7789
4335
5533
6360
5108
117
388
8455
2960
6760
8936
3978
5156
4110
918
4580
5613
2394
8337
3980
8529
92
1898
7511
629
4636
1754
9426
162
5249
6463
2391
1690
5767
3023
4797
9322
6541
8031
5022
4751
2921
5956
2242
2810
2018
5573
9668
808
2627
8713
2603
3892
1657
8557
4712
3061
3536
7664
3896
8422
446
5801
1218
258
3447
4028
1841
633
8524
4759
8751
503
2334
1514
3440
3574
4914
3614
9779
2261
5266
2924
6134
6104
4843
5985
9080
2411
6414
134
9173
3821
2438
8235
1733
5363
8057
9132
8795
36
9450
9806
776
2345
7225
9503
3206
8832
1181
8900
5450
290
2488
8882
1423
3533
5143
2584
7463
8909
9695
6440
1428
182
8364
7698
3781
5129
5696
7967
190
8881
9216
5291
3186
4383
9146
8854
7855
6451
8179
7427
6752
2068
5134
5118
105
6717
5789
8158
3865
6097
9913
1095
8269
9718
878
329
1395
6105
6965
353
3723
2467
6564
8421
4084
3808
1324
200
5648
1871
8955
2523
1953
3316
913
1180
5007
4106
6574
7323
2379
9726
1551
4590
313
2524
4026
743
5916
170
1140
8547
701
6783
5354
9514
3026
44
4952
737
224
473
5109
9054
7171
5983
6759
2461
8369
424
5213
1509
3376
2406
11
708
7580
8605
9709
3292
4021
1036
2535
9673
7856
9653
4233
6121
7433
69
3969
4848
3438
862
1662
4045
7234
868
5736
1832
5787
6241
5072
2333
7751
4075
4602
7352
5561
4928
3918
6776
6595
5556
3917
6333
3430
6192
3025
5933
3016
5721
1024
4529
3933
4582
6462
6142
2926
5195
7731
2129
3835
986
804
9769
9716
1529
4089
5181
4862
5338
1788
8828
4690
3548
686
5499
548
2526
6547
6605
8721
6825
9623
8306
4303
5454
2993
1862
4429
9840
7675
6646
5335
1725
4674
997
4374
2968
6062
7978
4150
3018
5138
1627
8132
5954
9525
1651
4273
8728
8443
8111
8711
5379
5913
9829
8940
7782
6382
453
9046
4141
7364
2984
8995
9078
2148
2808
746
6768
2463
4076
5257
8497
9098
1025
2853
1975
5162
798
9676
3127
57
8067
8702
8184
8504
8093
1807
1485
6164
4997
441
3073
4108
5186
1511
3759
4350
9123
7852
736
2826
5849
7144
7999
5282
9836
3760
4435
9738
5850
8468
8784
4626
8249
1159
7257
3081
3744
8487
5511
3120
1506
5692
5192
7587
6132
1933
3527
6061
295
3290
3465
7243
5543
7640
2178
2659
5713
6234
9749
9381
7959
8373
2824
1613
3659
7807
7532
5969
9451
8921
4482
4907
8597
6094
6284
1090
7299
6319
2193
1822
559
555
670
7269
5458
8676
7384
8880
8059
1196
1233
3452
8982
6963
6842
9087
390
3546
1622
990
4726
611
3628
8517
5571
6345
8647
2873
9517
9925
2747
4296
1946
5735
628
3935
7615
947
740
9175
8257
9187
3560
4040
5399
2304
7376
3755
319
141
3912
9452
4985
9412
6179
9015
8876
4766
4538
8458
6832
5284
7567
1204
554
1268
1739
944
8564
7133
8374
4389
7775
8293
9641
5028
6271
2057
5943
3899
7079
6911
3889
5099
761
4433
987
6452
9841
103
9574
9874
1763
9986
4224
9470
4204
8999
6692
7557
4094
3406
6926
7970
3455
2692
7549
216
6219
2298
3697
5071
9892
3189
2870
8884
5651
5888
3658
7468
8262
6739
1188
8313
6653
5598
6555
4565
4027
4016
1458
3749
7747
5140
5623
6403
9391
8165
6411
625
2088
3145
2079
1537
3526
3509
6346
1513
3132
9377
5133
5421
1482
196
7025
1882
8376
9633
2381
2490
2556
962
9630
9721
4177
7554
3634
1108
4408
4148
5227
1776
1889
7767
7734
9520
2624
9682
3038
9505
6728
7116
7148
8843
7142
282
2675
9302
30
7244
2426
4755
3049
2185
9401
7736
6421
967
7200
5989
9114
4865
6581
6340
7635
7642
7916
94
7783
1546
1907
2071
4568
8860
8411
8473
4570
268
8599
7496
4581
8256
690
7076
5845
6147
2587
1250
1182
9823
7788
716
6388
2802
7482
6990
5715
2643
5046
6740
9875
9074
2421
3000
4203
2113
1726
1481
6075
9387
4341
1020
7192
5601
1186
8476
3604
109
8172
4916
9364
8518
9473
9031
4644
7648
3894
7830
7892
7037
5768
7968
5149
2529
25
6050
4706
8935
9891
4680
9206
8971
5925
8967
183
3878
5775
992
2770
496
323
6813
4650
4990
6161
5728
1005
1260
1576
7796
4635
3743
4911
6584
1349
8930
5810
8836
1305
7571
1402
3330
4854
1300
7010
7137
3626
1195
9112
5734
1019
2164
709
7834
3499
2604
7446
9518
7278
4511
114
4531
1525
5940
9255
1080
6464
3592
9320
2492
3563
5647
3139
5150
9220
7476
8750
6351
603
2262
8555
5720
5593
8810
573
9650
9203
5603
775
5586
3528
6209
889
2686
5866
8440
3559
6812
1487
3577
2947
2014
4664
9595
4078
2005
926
3911
406
3326
7122
4643
8281
7609
9484
6272
1937
5397
6578
1893
6846
6439
6515
4526
2522
2737
5772
4265
4973
1683
8759
4707
2032
9966
158
468
3403
5116
8496
9385
3116
817
9260
8429
5779
6693
349
3296
5699
4002
647
8427
8814
9212
9760
3589
3358
4029
998
1681
1522
2092
2085
7919
6927
2416
9901
4507
9918
3188
1929
2865
5373
2874
9492
4451
8446
413
6782
1935
2559
2555
4006
9582
858
1099
7126
7322
3220
8773
8175
8209
8556
1968
5411
5123
1984
3585
6980
1329
8371
9876
7017
7803
1812
5523
8454
9278
7655
267
1940
6880
9830
5587
9396
2913
3927
7604
8173
4606
8551
346
843
3732
6213
3795
2053
1174
5419
4193
9428
9004
7715
9077
5752
1413
3280
4861
5048
5277
3099
7239
9458
1128
4838
4154
6409
3182
3535
6751
6106
8898
6511
6184
6231
7435
608
778
6951
9494
1355
1791
8001
3271
3467
1772
9794
9265
4194
4504
8893
243
3817
6763
9291
1114
1688
860
2889
1214
3421
1106
7483
9315
8221
570
9982
3039
6691
3598
7042
5113
2227
4762
8230
8433
4668
8973
2289
6011
9792
595
3165
7922
41
8761
5999
1702
6616
9127
6840
3799
7504
5407
2447
9610
6428
1470
5436
1045
1267
8715
2282
5214
1969
5135
5394
9303
7308
5689
2364
8925
6655
3800
4796
9824
4012
150
5998
2408
6979
5921
2346
7792
5328
3225
9991
809
4750
9
7719
1636
9101
1910
6722
1916
1163
2324
3640
652
7487
3184
5097
1047
4495
8875
7809
2188
3851
5470
1494
9699
8414
9333
4743
287
9094
1028
3431
479
2002
6561
5493
9881
8856
7109
6155
4409
9504
8771
3423
4405
9416
2995
429
1375
8606
6821
3027
5030
8671
2095
9122
378
1043
3666
6060
4939
894
5534
2465
261
250
7104
6861
7114
5612
5006
9408
7611
7638
2621
7149
8050
3804
1207
4081
9665
8286
9977
27
8444
6873
3169
1244
7656
1890
6277
4509
6710
4983
9117
1081
5174
1964
7839
5038
3964
4120
2315
8941
4887
1630
2077
82
4358
5110
6220
8248
2118
6548
9310
463
1552
5606
6998
5391
9626
4431
6688
2548
960
4121
6566
6264
7099
8238
4859
5286
9579
8331
4086
249
984
974
201
5382
5800
989
8185
3209
6912
7660
7539
6031
15
6258
6261
649
6838
9069
7914
7091
3008
9900
1460
1350
3828
9655
8447
3136
2373
6068
2145
8885
7321
5229
1560
5378
2799
1101
4064
392
6788
8070
3143
6473
4411
4023
8193
6684
9403
7011
835
4632
3975
4772
9752
339
60
4943
8760
3682
7023
9765
72
8581
4831
7320
7285
4015
7831
5520
5514
1758
5193
7765
5439
5100
8853
534
659
6632
296
5964
3471
6663
7083
1259
9071
234
307
2115
6454
9935
3647
9481
4317
6707
6667
5645
6293
7977
6697
899
9367
7700
6201
5616
2375
1191
942
1495
3836
5748
9289
2176
6527
845
6253
6914
6028
93
6526
2884
8247
7551
7560
814
5911
6862
1591
1002
6424
8081
2135
7534
9280
3997
2451
6798
3384
2397
635
3172
2220
2595
903
5785
5101
9379
7193
2089
8974
8354
9448
4955
8850
5915
7212
5899
588
4669
4043
1863
8903
7905
6592
1802
529
1668
6236
9679
5023
419
7696
4518
2676
163
7958
3148
1449
9704
6922
4302
9963
3003
6504
440
9888
563
838
9868
551
6400
7125
528
9717
7853
2180
4137
1588
5684
924
442
9013
9107
2530
3597
89
3852
9853
2489
7085
7281
68
5288
8328
6944
2249
9399
7681
3803
502
5128
6402
5881
7014
9352
3672
9952
1938
3074
9459
5480
617
5494
1994
6786
6703
5034
6058
4368
1607
50
7177
8538
4072
4113
1669
8246
7071
1836
9369
9702
5112
8722
2569
872
7835
6668
3880
9294
2712
2797
187
8333
8825
9783
4324
3032
5187
9274
7336
3153
3185
8567
8706
5843
932
5766
7825
3265
8612
925
2473
2879
5265
2081
7748
5565
4351
2814
631
6589
5289
1501
2021
1282
1011
9971
1029
4470
1899
8586
2755
7950
6441
827
7598
1921
7528
935
215
599
6317
1496
2847
1650
9084
970
9062
1274
522
3045
1768
456
9998
9195
2639
7027
9230
8725
480
4453
8207
7933
9634
6669
6065
9162
9496
4930
7974
227
5876
2696
5615
4528
6211
9151
2983
1219
2698
7894
884
3065
5474
556
4159
6989
2173
4658
3476
1006
2862
1063
9873
7915
2153
1767
306
1769
3550
1200
5178
7893
7766
673
1713
4142
3670
91
711
1883
7344
8630
9447
1752
1074
7936
2219
1119
1858
2031
8420
4456
3946
8958
3629
6036
3367
7439
9580
2653
2688
6419
1450
237
2815
3140
6444
6545
9979
5376
3631
7426
3381
3490
1241
9646
4548
3910
8646
9365
5604
5702
124
458
1849
3841
3825
3606
9340
9895
7337
2460
2048
6270
2291
1853
8026
5271
4099
7556
6955
8549
768
8970
9020
1143
567
1183
2982
1988
6818
3510
615
6954
7785
2361
3731
9915
6378
6189
2158
5001
1369
5311
5398
3517
8136
3495
4920
680
747
7515
5641
5306
7101
4088
8614
4128
5248
2823
4885
2655
4988
2253
664
1523
5115
5763
2743
459
6429
4941
9863
6385
3831
2596
75
5491
4995
371
9440
7860
2107
5308
5638
3479
6490
7876
1779
4377
3166
4836
5737
454
9354
9390
6999
2250
1397
7095
6715
6059
2666
8349
4202
9018
3737
457
8234
9848
2575
9859
6642
2270
2419
2648
9942
3685
9967
9037
5361
8014
6107
9814
3549
8905
61
8239
6727
5820
5585
9319
1530
2725
5605
3819
3387
3429
9687
4396
2206
2963
9327
662
1129
7420
1318
9856
3503
6265
7721
8705
5313
9295
5826
2124
6172
1291
3278
604
7886
6544
4661
7157
4942
4828
1878
1633
510
5902
6131
8827
7047
2177
9893
252
8569
7188
6869
8693
4922
4295
3688
1851
9092
916
9150
8400
2971
9885
8531
4893
8303
3500
9279
6562
7026
9628
180
5568
1360
3114
8790
9489
4614
116
769
7215
2901
875
302
5294
6141
5821
4723
9474
6735
1154
8038
3663
4257
2377
6287
8367
6362
9170
450
1646
8225
3501
7697
6533
1794
9165
2553
1414
715
4873
3348
8513
280
934
3478
4096
4847
5351
5255
1361
5098
3024
8851
2622
6635
8028
2063
8191
9048
7477
9904
3724
5679
2235
7362
3285
803
3856
7274
7544
9097
7004
8170
8002
4908
1656
9575
7078
5092
6534
5521
1505
679
2632
5874
5972
4733
2839
7300
3004
3812
1146
881
627
6476
3565
3879
7879
1903
9558
2024
1595
1102
8118
9770
1680
6447
4359
7407
7062
3388
3719
5287
4832
699
1995
6853
6903
6166
4057
4940
2871
1033
9559
5000
9802
6126
2259
4003
8968
8960
544
7770
7117
3059
4387
4869
8830
5226
6696
2008
489
4261
648
308
487
1093
8208
8615
7134
3013
6521
6755
5330
4826
4258
4085
1234
1956
3078
1611
6074
1359
3309
981
9922
6659
4600
56
5268
2110
1446
9109
4190
7140
4034
6554
6158
714
4549
3090
4514
9093
4227
5107
4519
4555
6901
6809
4795
6517
9111
7694
2150
8626
7777
7994
1693
1874
1887
4289
7486
1390
2765
8666
4546
890
4810
4346
1845
6145
8484
3861
9678
1185
3426
7764
7733
409
8817
2137
4892
8035
3274
9597
9670
1765
8871
7447
9664
6025
8839
3869
754
1419
2918
5557
2638
6576
412
1598
782
1866
4246
1983
7589
6051
7088
5274
8244
5298
1367
1422
9051
2928
723
449
1584
8117
5159
7702
4282
3515
8250
8071
7226
5202
4279
3716
5273
6674
9179
7960
1169
6784
1066
8631
9976
5838
5945
7008
909
4799
5797
8245
821
851
3307
8889
6379
9106
7448
8499
6474
8078
5024
7461
9660
1130
8765
2895
9345
7297
4398
9338
159
8976
4737
8016
3792
3539
7776
4890
1614
8393
7585
1710
5572
4269
9816
9805
1230
3909
7474
2508
8416
9684
2611
8022
6013
3951
2403
3552
3457
4553
9218
9777
4758
6080
8809
1705
2175
4851
9383
3397
7224
9466
9858
3995
5883
6956
1403
6621
1117
3523
6579
7174
5574
123
325
5891
2869
9867
9545
2313
2440
8950
9747
4805
1569
5708
684
2256
1014
5864
5085
4146
5077
3566
6416
7951
8766
5567
7712
8377
5804
721
3611
7650
6341
5160
4031
6078
4266
4241
7820
8386
6298
6785
9825
9088
525
2902
813
959
7135
745
5425
6839
9457
6099
4020
4666
4436
9006
8023
7815
8917
4473
396
568
626
963
9172
9221
6157
8287
3771
6148
4812
1972
7903
1237
7445
9392
4882
6299
9168
2828
8456
6306
7207
1949
6361
3823
3125
9293
8195
17
4986
1077
536
188
5504
791
9421
2758
5923
6891
4393
4426
3746
2512
1032
6073
8220
9722
3870
9563
793
1139
8864
172
6824
1039
7379
2186
9040
4685
4237
8091
4588
3967
6371
2720
8954
6308
7937
2981
5088
6076
4687
9234
1608
8276
5435
6902
8453
5579
1545
6405
1107
3267
7389
1498
8197
2266
8510
1084
9313
1920
9675
9983
8994
9157
4306
491
9296
4337
973
3122
1854
6683
2520
2943
1224
6948
1861
4104
488
5535
8618
3415
1357
8252
3728
9014
8413
9044
9550
8634
2941
5877
4877
6682
6283
1009
8255
3660
9043
6292
1248
4050
2331
2023
7963
8639
7758
3235
6885
623
438
9461
9820
6373
4929
2141
5629
9958
9531
3287
1934
692
7873
6949
225
9488
1073
6133
8101
2600
7414
7181
928
7685
6700
9592
6887
5793
2131
8430
8788
143
400
7912
3486
2610
8311
7802
8550
1917
3887
9164
2284
6002
1757
3121
9741
7309
4291
8913
9030
1383
8166
7409
8069
2104
6149
9764
4319
5483
7460
5482
5946
2241
8988
8831
2233
9422
7279
5716
7118
9957
9246
1634
7039
110
1194
7680
6583
9615
2860
54
7250
5176
6127
1948
1486
4523
5194
6628
4883
9007
4815
8055
5773
657
9680
8638
6718
2207
4490
5707
1593
6841
5670
8887
5209
6349
7629
1986
1811
2210
9556
5064
1386
3133
7139
7342
3992
314
4183
7708
363
5233
3279
3405
6026
6
5225
1897
954
4879
1660
5479
744
8196
5905
9782
2121
8190
7744
5310
8228
2126
9601
6342
3599
3128
5917
9669
1335
4713
1405
7723
8907
6086
1989
9149
869
1918
9159
2513
2215
1288
337
9735
3365
4018
8537
2783
507
2788
8187
5671
5246
9283
2576
1939
1469
3420
7626
4410
6248
2269
475
2593
6251
9023
2013
1881
700
5920
3664
4652
7464
9839
6567
9232
8648
1393
3908
1289
4458
2162
6559
4305
9156
1637
4634
656
3776
4867
7996
6810
228
3217
9826
1368
8154
7053
2630
5422
5703
4010
8533
1124
8756
3398
9801
7739
7594
3157
3683
2777
1777
4505
5719
8145
5325
3929
78
7314
9273
3170
5624
5890
3110
882
4218
2806
4342
367
8090
9742
2366
189
3340
7405
8182
9134
5322
7799
3258
4152
1265
4615
5639
1527
6706
6296
9757
3542
2283
4068
5104
9321
2807
4447
2602
5254
2157
451
2626
9871
939
8206
212
7987
7180
5467
9243
5484
5415
8736
7501
4475
6117
5545
1982
398
3884
4558
5405
1960
4112
2768
3873
7108
1550
428
4007
7061
2213
3570
8232
5962
1507
8568
3302
174
6057
5076
2771
5201
2634
5934
4240
8845
7196
6437
2592
724
5551
6391
7645
213
4206
7465
905
3212
2035
4574
7654
6617
161
4168
1377
9577
1805
3360
2887
9228
9809
7851
9442
9810
6972
8277
9454
7527
1269
205
4275
7301
7277
5302
8088
9731
3748
8662
9266
9625
4049
1704
3111
4522
7985
6079
4290
1519
285
5637
2139
7945
2617
5060
355
6882
28
8616
8883
8730
8650
101
9052
6182
4147
4798
9475
5081
6171
9703
7031
4174
8656
9471
9434
6602
2074
1292
8168
9730
8479
2658
3469
8345
727
1641
2678
3373
6895
6470
2423
2681
8280
7293
3942
3687
1781
1831
4196
4243
2809
5655
1437
4212
3489
3567
8477
4765
5654
2138
7425
7895
9931
6375
7289
2813
955
4185
5660
2962
5516
5996
2776
259
3676
5816
7388
1440
1760
1951
5042
5021
7370
8873
4540
8092
9656
2558
1235
2321
8820
65
3829
5165
7991
7136
7373
9323
3441
1895
4187
7002
2732
6138
9337
9511
5808
1226
1664
8723
1789
5860
7100
2300
341
5086
9099
455
5444
6644
9667
9012
7495
4735
4388
4982
5981
8866
6181
5936
7875
4484
6114
5634
7907
2449
2774
464
3602
7302
8812
5898
6279
5400
6047
5727
6217
1618
2644
9292
8105
8177
2140
9950
2093
9314
7790
9771
8451
19
6438
9267
3642
4716
9199
2670
4591
2778
7508
2096
9462
3680
3645
9690
7928
1955
7070
5392
8041
4966
5157
3648
3534
7178
8194
1193
6947
4977
4691
7205
6816
8685
2855
8260
3989
6232
4720
7295
3651
8643
7290
1658
2076
278
2876
5093
3974
370
3700
5318
4891
9259
153
9402
8834
7467
2280
8412
3333
6004
7846
706
2856
4111
4132
8583
3359
9624
8681
4790
7742
3327
2837
8829
4139
4609
1856
677
6187
4432
7333
9210
9411
8747
8694
2398
7805
9739
2660
9176
9491
3343
71
5409
7911
6023
9130
1793
8278
1735
1999
543
5798
3123
3247
6904
2050
1308
4228
4280
7499
9263
6015
1484
734
8945
3115
1175
6431
2106
1364
8840
1132
2108
4845
3454
3863
8350
2792
7442
279
1691
7570
6510
5505
9916
2543
2994
3941
5039
1563
888
3798
7169
4162
7787
5204
5453
3615
4044
425
348
7705
9774
2662
5146
9607
6450
5263
8870
9257
7164
5544
7492
4284
8122
137
7251
4604
9600
2483
4254
7097
5278
6969
738
2978
4371
8560
2618
6790
6908
6931
583
9543
4325
5258
6847
1051
4524
8763
4967
7458
5540
1536
8975
2614
8682
1284
8519
4051
2297
6091
6262
5526
284
9736
9154
557
2665
7411
3525
1533
8273
5932
1667
1297
3299
2749
9495
1697
5155
2723
9138
4097
1407
698
1358
9756
8978
9430
3765
618
4784
3191
1336
4471
8998
5452
9050
2798
8758
6380
276
1290
3538
9342
1412
4653
7208
6679
1590
9463
2504
9724
5791
4481
4465
3119
5677
6338
1888
1647
5216
4297
5130
383
1283
3492
7516
8153
9380
2861
9815
5950
6193
4767
6228
9049
4133
3689
9860
6702
2613
4348
6212
1473
6312
3216
707
3344
4719
1379
8143
4181
5488
6870
5323
3200
777
2000
4870
8428
3796
630
3459
4801
2239
2657
848
9565
3754
4839
9410
3667
6423
3591
785
4105
7965
1231
3902
6238
6681
9477
2608
2628
4201
1748
208
64
2320
147
6257
9002
601
2772
7041
2531
115
5975
9081
4804
957
1663
8904
6924
1717
7383
6536
7716
6136
4283
2932
3037
6418
9587
7600
1504
6151
9987
3813
1755
5478
2912
5662
6208
6762
6690
7143
7190
6952
8848
2319
8178
1597
7706
2264
8575
8486
1205
3845
3904
6326
969
4594
797
9288
2097
3203
7581
5366
3985
6974
4834
5926
4617
3756
8327
7889
8566
2420
8951
1323
7652
3040
3956
9831
3793
426
2132
6620
1800
6618
8448
521
7045
3922
3788
2475
6446
6677
334
6194
5675
192
6789
1229
3096
7574
6878
4166
8577
9955
1122
9324
9073
4225
7692
2462
7622
5152
3901
4355
6245
4915
6933
7921
9343
16
2369
1317
4379
9191
892
9632
2040
2552
6037
3305
6119
9235
7038
4217
4022
4933
7073
8620
2457
9554
4956
7688
8113
1631
5622
6850
5223
2515
8375
2493
9129
8939
4486
7263
1987
8892
7883
8296
8053
2517
7191
4730
2116
4019
8004
6557
6819
7009
4163
7613
291
5029
4703
8189
9857
9344
9910
7024
4119
4897
1347
2100
5729
7326
2217
5136
9515
6204
3187
5599
5672
4620
372
6049
3048
605
9225
5262
675
1149
6339
2525
495
4270
8857
209
4530
1567
3282
6923
9398
3735
2822
5914
7878
9236
9889
1483
2454
1064
2785
1456
6687
5665
7417
3473
6647
6994
6953
4689
5730
76
6170
5005
7575
3
1040
4013
5893
2754
1745
4521
4665
230
908
3477
1190
389
8465
326
3466
6673
1459
923
505
6472
5588
3362
8525
3590
6958
90
1810
3089
3833
1334
5096
483
1900
1445
4923
3718
324
3665
2043
5892
3617
523
3105
2384
9362
5548
6019
274
5759
3346
7391
8653
9546
9728
7566
1797
7941
7576
421
3954
5317
5657
940
6053
4554
4744
5668
4787
539
1263
8801
6631
7286
5796
9336
1370
1343
8340
2254
2668
6046
7525
4698
7720
5148
3768
2890
7606
7043
5951
4567
4980
6551
4092
1804
148
1356
1366
9944
4640
5935
5674
1860
4230
5218
9596
3491
771
1435
3177
144
3650
788
5780
38
5783
6449
9719
2296
5017
9070
9914
1434
9233
1322
411
9148
6590
8336
6598
2699
5236
3973
2719
2011
3087
2279
3502
994
5203
5525
6942
2609
297
5418
4621
7130
726
4422
5771
4944
1555
6116
7355
7262
9902
9785
6381
9329
2029
5170
8015
5237
6540
6518
5441
8743
8717
3272
1030
6622
9689
6892
347
4981
8541
4889
3481
5051
1012
4118
7378
8686
351
7397
1824
6513
8086
4376
6343
6586
6845
6721
1619
3750
6477
6048
7897
1998
2742
4457
8258
7966
8545
6791
4421
9990
375
886
7319
3180
922
8819
3269
8800
4460
5644
9959
6820
7115
731
1872
4107
4729
7150
3871
5611
8859
4059
5122
7759
8782
2566
3485
7334
4167
9017
2935
1699
859
2037
4647
3192
7768
8677
3677
8923
6781
1415
531
5230
7545
7863
7485
9368
9538
7593
8272
9418
5894
391
6588
3893
7543
7471
4100
763
1427
5290
5393
936
4038
1820
7808
8019
1840
24
5912
3098
2189
5732
5320
3439
3767
4544
7395
3030
8908
2789
3619
849
6274
9068
1328
8334
1416
6666
7441
6884
6516
4864
9837
2550
3329
9328
7673
622
9980
5184
4611
1436
3657
6871
6310
2849
9861
4598
5461
7754
2701
819
1121
3160
2704
7084
7845
1208
1542
5490
4840
6140
7366
4054
4032
6709
8452
7268
5835
1094
62
2234
3319
2386
377
18
5686
3696
8527
9661
590
8916
4656
298
4993
7434
801
3977
5746
7127
6793
6042
247
3401
6857
5970
985
211
2818
1600
4806
2450
4543
5429
2415
9424
1227
8521
1685
1594
3472
7272
8979
2125
5067
4788
8879
7841
1438
5747
6928
2836
3107
6024
173
1977
3458
3740
4277
5656
2200
5040
8020
1238
1635
3245
9710
5978
5961
7449
1451
490
7082
1053
301
8914
4397
1476
283
1217
5953
2502
5460
5519
6934
7612
2721
7577
7678
2539
9332
3484
6654
9533
6712
8164
553
5222
2708
3460
3306
9227
1125
1042
3948
547
7211
9141
8045
9608
6520
2374
7631
7253
3391
7836
5455
4000
8563
386
1604
9784
40
6467
8404
7547
7438
5430
7634
8696
9924
6281
9620
8580
2650
1344
5566
1262
3784
1389
9842
2273
6553
9740
3083
9500
5595
5360
5215
5428
53
853
8846
3146
6356
5854
2894
8805
9694
7812
5818
3662
5777
4321
2301
2606
1351
8931
8895
9121
6221
3208
3713
7579
5510
8359
3872
4416
7280
281
5434
6325
6256
7896
2500
5949
1723
3463
5907
9057
4715
1408
4786
8659
9609
422
9211
8304
8226
9827
2128
4061
5559
2061
5253
9086
7972
4259
7054
6035
5208
4116
4946
8520
5688
9692
8628
6920
5380
2573
8326
5872
2203
2036
3714
1277
9567
3056
8980
3684
7396
229
8160
9116
1543
4427
5948
136
7624
4392
9797
3082
2275
5344
1404
5293
9358
7713
5695
5635
4835
5698
2418
9572
9415
7890
9568
3012
1534
8434
2017
4994
2142
6225
9119
7691
607
7032
8781
949
613
3541
1886
8121
2058
4677
8506
5927
5910
7755
6227
1855
7049
8716
2882
5481
6875
1801
5558
4441
7779
2953
4593
6611
3251
5963
5959
3785
9299
9128
3864
667
7129
7510
6314
4794
5502
9207
8301
7382
350
4056
4578
8544
2518
3656
9486
5795
6823
7717
6259
3890
6802
3273
2385
3618
8000
4264
6113
2640
9009
1770
7536
6275
6207
4681
1524
2127
6794
3623
5314
4734
1044
1980
3097
6609
3002
6012
9995
644
3156
3733
6814
1236
2123
3149
9852
6754
5942
850
4577
8492
2255
293
9301
7202
3635
6397
6139
9808
1319
7778
1826
508
6215
4222
2062
1271
2975
7175
1585
6352
748
2735
245
4958
6303
4768
1628
8030
7625
5924
883
6010
3475
4191
3616
3328
360
5340
3301
1156
1947
4417
8467
7121
6263
7520
7583
6165
2314
8425
3293
1031
1605
6995
3707
694
2371
4761
4764
1072
4425
6577
6291
1676
6163
2251
408
7423
9028
7658
5448
4125
4171
9217
8102